]633;E;for i in {1..150};6fdd13da-1f88-4df4-b98d-3d486d49071f]633;C12862
13459
6812
30519
40175
5124
5365
39205
2058
3022
63234
9558
61712
52052
10118
27663
35634
50151
10277
41686
5434
20793
34531
36071
51803
18105
48784
51208
34026
54407
34176
47872
63347
55931
44283
50125
17567
49782
28797
46338
42145
43060
3834
63794
28607
30879
58485
50984
15126
22223
21503
5415
32436
39937
59082
7857
31886
8233
46608
21995
62771
9060
52269
30072
50317
20479
48621
46404
23708
52014
39917
27886
1745
44827
3415
64176
41637
43393
8046
7042
8044
44354
39929
51624
44363
53861
8874
50382
36340
8096
27525
52616
48411
28308
27316
62951
17805
21321
8278
24578
51360
57417
4610
62949
13893
20432
45035
46758
40715
15153
48068
57847
29960
8233
23200
38590
10829
39280
60492
1135
11738
20176
23622
63141
54617
4778
34283
46927
49876
46223
20020
46295
39943
16570
37671
27815
7533
16136
45864
61968
2223
20561
8350
52651
55919
17819
52874
10535
63366
25866
